9.420235259249577497e-01 9.414737964294634942e-01 8.830222215594889512e-01
9.378540767140473022e-01 9.321246767220356944e-01 8.546156969874720843e-01
9.335643632252312862e-01 9.221368535125282762e-01 8.236931423909138461e-01
9.291574671791397178e-01 9.115250893405635324e-01 7.904739560549474131e-01
9.246365182304890906e-01 9.003050689640486048e-01 7.551938310719041869e-01
9.200046890346358364e-01 8.884933761762584536e-01 7.181030830777836993e-01
9.152651903438222547e-01 8.761074692940988839e-01 6.794648742404729713e-01
9.104212661453955358e-01 8.631656553537756515e-01 6.395533461006736031e-01
9.054761888537566916e-01 8.496870630520102496e-01 5.986516745132000050e-01
9.004332545672233401e-01 8.356916144727983831e-01 5.570500604890123997e-01
8.952957784003995334e-01 8.211999956414985924e-01 5.150436711931385414e-01
8.900670899020206583e-01 8.062336259497746571e-01 4.729305457072912611e-01
8.847505285676052766e-01 7.908146264965838501e-01 4.310094804159784743e-01
8.793494394555791960e-01 7.749657873920026141e-01 3.895779090194839145e-01
8.738671689148770350e-01 7.587105340722193336e-01 3.489297922152136966e-01
8.683070604313406493e-01 7.420728926754802668e-01 3.093535320203074646e-01
8.626724505995577719e-01 7.250774545301656993e-01 2.711299255335832825e-01
8.569666652261002104e-01 7.077493398074842235e-01 2.345301726550565458e-01
8.511930155694452660e-01 6.901141603925100565e-01 1.998139518984407004e-01
8.453547947211950131e-01 6.721979820284389451e-01 1.672275779489128533e-01
8.394552741325478351e-01 6.540272857900200076e-01 1.370022540384345788e-01
8.334977002893296794e-01 6.356289289431019673e-01 1.093524315381841916e-01
8.274852915382683305e-01 6.170301052481519388e-01 8.447428840693488317e-02
8.214212350665769380e-01 5.982583047664151721e-01 6.254433729092517824e-02
8.153086840363311660e-01 5.793412732281255639e-01 4.371817315087833666e-02
8.091507548745476841e-01 5.603069710228272271e-01 2.812936930186688000e-02
8.029505247193421402e-01 5.411835318724130817e-01 1.588852969871834553e-02
7.967110290220168478e-01 5.219992212479731553e-01 7.082504191083471845e-03
7.904352593044484676e-01 5.027823945919085435e-01 1.773772315999899707e-03
7.841261610706777851e-01 4.835614554070630788e-01 0.000000000000000000e+00
7.777866318711793570e-01 4.643648132748187662e-01 0.000000000000000000e+00
7.714195195178776832e-01 4.452208418642081278e-01 0.000000000000000000e+00
7.650276204476104125e-01 4.261578369941053102e-01 0.000000000000000000e+00
7.586136782313906979e-01 4.072039748104854251e-01 0.000000000000000000e+00
7.521803822265067385e-01 3.883872701405657324e-01 0.000000000000000000e+00
7.457303663682153250e-01 3.697355350853846478e-01 0.000000000000000000e+00
7.392662080975228589e-01 3.512763379120218410e-01 0.000000000000000000e+00
7.327904274213283831e-01 3.330369623062176543e-01 0.000000000000000000e+00
7.263054861009899943e-01 3.150443670456179457e-01 0.000000000000000000e+00
7.198137869652154741e-01 2.973251461532526729e-01 0.000000000000000000e+00
7.133176733430173222e-01 2.799054895901392781e-01 0.000000000000000000e+00
7.068194286123569148e-01 2.628111445451128403e-01 0.000000000000000000e+00
7.003212758599997034e-01 2.460673773790969521e-01 0.000000000000000000e+00
6.938253776480231005e-01 2.296989362800640477e-01 0.000000000000000000e+00
6.873338358823685157e-01 2.137300146838823078e-01 0.000000000000000000e+00
6.808486917787880399e-01 1.981842155151183338e-01 0.000000000000000000e+00
6.743719259215220641e-01 1.830845163006449838e-01 0.000000000000000000e+00
6.679054584100445613e-01 1.684532352076208994e-01 0.000000000000000000e+00
6.614511490892290846e-01 1.543119980560407334e-01 0.000000000000000000e+00
6.550107978583246116e-01 1.406817063546106361e-01 0.000000000000000000e+00
6.485861450541735573e-01 1.275825064071937076e-01 0.000000000000000000e+00
6.421788719041657822e-01 1.150337595354905540e-01 0.000000000000000000e+00
6.357906010444939193e-01 1.030540134619650217e-01 0.000000000000000000e+00
6.294228970993599459e-01 9.166097489531371822e-02 0.000000000000000000e+00
6.230772673168669673e-01 8.087148335899785323e-02 0.000000000000000000e+00
6.167551622574407588e-01 7.070148630152262026e-02 0.000000000000000000e+00
6.104579765307249772e-01 6.116601552525124941e-02 0.000000000000000000e+00
6.041870495770098604e-01 5.227916496859302820e-02 0.000000000000000000e+00
5.979436664893761355e-01 4.405406987440402267e-02 0.000000000000000000e+00
5.917290588728553180e-01 3.650288737539331141e-02 0.000000000000000000e+00
5.855444057370395861e-01 2.963677852522594858e-02 0.000000000000000000e+00
5.793908344187007620e-01 2.346589180188624058e-02 0.000000000000000000e+00
5.732694215311141539e-01 1.799934810768216709e-02 0.000000000000000000e+00
5.671811939369140187e-01 1.324522728806060146e-02 0.000000000000000000e+00
5.611271297414458514e-01 9.210556189162000251e-03 0.000000000000000000e+00
5.551081593037122675e-01 5.901298271763888437e-03 0.000000000000000000e+00
5.491251662621471352e-01 3.322344796965082114e-03 0.000000000000000000e+00
5.431789885725872846e-01 1.477507596639116016e-03 0.000000000000000000e+00
5.372704195559383500e-01 3.695134393416066310e-04 0.000000000000000000e+00
5.314002089531744133e-01 0.000000000000000000e+00 0.000000000000000000e+00
5.255690639854249113e-01 0.000000000000000000e+00 0.000000000000000000e+00
5.197776504170436018e-01 0.000000000000000000e+00 0.000000000000000000e+00
5.140265936196719565e-01 0.000000000000000000e+00 0.000000000000000000e+00
5.083164796354291415e-01 0.000000000000000000e+00 0.000000000000000000e+00
5.026478562374838699e-01 0.000000000000000000e+00 0.000000000000000000e+00
4.970212339863785411e-01 0.000000000000000000e+00 0.000000000000000000e+00
4.914370872805812196e-01 0.000000000000000000e+00 0.000000000000000000e+00
4.858958553998592445e-01 0.000000000000000000e+00 0.000000000000000000e+00
4.803979435401630194e-01 0.000000000000000000e+00 0.000000000000000000e+00
4.749437238388169447e-01 0.000000000000000000e+00 0.000000000000000000e+00
4.695335363889067692e-01 0.000000000000000000e+00 0.000000000000000000e+00
4.641676902418486184e-01 0.000000000000000000e+00 0.000000000000000000e+00
4.588464643972096635e-01 0.000000000000000000e+00 0.000000000000000000e+00
4.535701087789457686e-01 0.000000000000000000e+00 0.000000000000000000e+00
4.483388451972872835e-01 0.000000000000000000e+00 0.000000000000000000e+00
4.431528682956010767e-01 0.000000000000000000e+00 0.000000000000000000e+00
4.380123464816129686e-01 0.000000000000000000e+00 0.000000000000000000e+00
4.329174228424571003e-01 0.000000000000000000e+00 0.000000000000000000e+00
4.278682160430821724e-01 0.000000000000000000e+00 0.000000000000000000e+00
4.228648212076037138e-01 0.000000000000000000e+00 0.000000000000000000e+00
4.179073107832588785e-01 0.000000000000000000e+00 0.000000000000000000e+00
4.129957353866679504e-01 0.000000000000000000e+00 0.000000000000000000e+00
4.081301246321673015e-01 0.000000000000000000e+00 0.000000000000000000e+00
4.033104879420235656e-01 0.000000000000000000e+00 0.000000000000000000e+00
3.985368153383866963e-01 0.000000000000000000e+00 0.000000000000000000e+00
