0.000000000000000000e+00 8.626673833405443248e-02 1.000000000000000000e+00
0.000000000000000000e+00 9.189608100679753921e-02 1.000000000000000000e+00
0.000000000000000000e+00 9.788943258960489113e-02 1.000000000000000000e+00
0.000000000000000000e+00 1.042696333647191304e-01 1.000000000000000000e+00
0.000000000000000000e+00 1.110608102526691732e-01 1.000000000000000000e+00
0.000000000000000000e+00 1.182884178602467834e-01 1.000000000000000000e+00
0.000000000000000000e+00 1.259792734318209706e-01 1.000000000000000000e+00
0.000000000000000000e+00 1.341615835669265622e-01 1.000000000000000000e+00
0.000000000000000000e+00 1.428649601009397696e-01 1.000000000000000000e+00
0.000000000000000000e+00 1.521204219943985692e-01 1.000000000000000000e+00
0.000000000000000000e+00 1.619603794279700359e-01 1.000000000000000000e+00
0.000000000000000000e+00 1.724185955415414584e-01 1.000000000000000000e+00
0.000000000000000000e+00 1.835301203748051502e-01 1.000000000000000000e+00
0.000000000000000000e+00 1.953311905513244462e-01 1.000000000000000000e+00
0.000000000000000000e+00 2.078590870890173470e-01 1.000000000000000000e+00
0.000000000000000000e+00 2.211519424120333144e-01 1.000000000000000000e+00
0.000000000000000000e+00 2.352484861837622621e-01 1.000000000000000000e+00
0.000000000000000000e+00 2.501877179904092863e-01 1.000000000000000000e+00
0.000000000000000000e+00 2.660084932068161878e-01 1.000000000000000000e+00
0.000000000000000000e+00 2.827490066205647357e-01 1.000000000000000000e+00
0.000000000000000000e+00 3.004461566564408659e-01 1.000000000000000000e+00
0.000000000000000000e+00 3.191347714508045996e-01 1.000000000000000000e+00
0.000000000000000000e+00 3.388466767462432472e-01 1.000000000000000000e+00
0.000000000000000000e+00 3.596095848489198055e-01 1.000000000000000000e+00
0.000000000000000000e+00 3.814457840325919946e-01 1.000000000000000000e+00
0.000000000000000000e+00 4.043706091971661643e-01 1.000000000000000000e+00
4.277569313094808923e-03 4.283906778137030469e-01 1.000000000000000000e+00
1.703708685546589940e-02 4.535018808380735233e-01 1.000000000000000000e+00
3.806023374435663076e-02 4.796871270758150674e-01 1.000000000000000000e+00
6.698729810778064619e-02 5.069138522204503783e-01 1.000000000000000000e+00
1.033233298543824730e-01 5.351313212567725408e-01 1.000000000000000000e+00
1.464466094067262691e-01 5.642677758016962919e-01 1.000000000000000000e+00
1.956192854956396721e-01 5.942275066584551402e-01 1.000000000000000000e+00
2.500000000000001110e-01 6.248879662960872272e-01 1.000000000000000000e+00
3.086582838174551369e-01 6.560970752584562860e-01 1.000000000000000000e+00
3.705904774487395748e-01 6.876709186605857171e-01 1.000000000000000000e+00
4.347369038899742133e-01 7.193920705047494035e-01 1.000000000000000000e+00
5.000000000000000000e-01 7.510088194153480279e-01 1.000000000000000000e+00
5.652630961100258977e-01 7.822355926881769950e-01 1.000000000000000000e+00
6.294095225512603697e-01 8.127548779855480188e-01 1.000000000000000000e+00
6.913417161825449186e-01 8.422209146650934120e-01 1.000000000000000000e+00
7.500000000000000000e-01 8.702653614601280063e-01 1.000000000000000000e+00
8.043807145043603279e-01 8.965050386401267613e-01 1.000000000000000000e+00
8.535533905932737309e-01 9.205516905806107042e-01 1.000000000000000000e+00
8.966766701456175825e-01 9.420235259249577497e-01 1.000000000000000000e+00
9.330127018922194093e-01 9.605580830967455075e-01 1.000000000000000000e+00
9.619397662556433692e-01 9.758257633597139380e-01 1.000000000000000000e+00
9.829629131445341006e-01 9.875432027554231773e-01 1.000000000000000000e+00
9.957224306869052466e-01 9.954855504234556562e-01 1.000000000000000000e+00
1.000000000000000000e+00 9.994967113062025454e-01 1.000000000000000000e+00
1.000000000000000000e+00 9.994967113062025454e-01 1.000000000000000000e+00
1.000000000000000000e+00 9.954855504234558783e-01 9.957224306869052466e-01
1.000000000000000000e+00 9.875432027554231773e-01 9.829629131445341006e-01
1.000000000000000000e+00 9.758257633597139380e-01 9.619397662556433692e-01
1.000000000000000000e+00 9.605580830967455075e-01 9.330127018922194093e-01
1.000000000000000000e+00 9.420235259249577497e-01 8.966766701456175825e-01
1.000000000000000000e+00 9.205516905806110373e-01 8.535533905932737309e-01
1.000000000000000000e+00 8.965050386401268723e-01 8.043807145043603279e-01
1.000000000000000000e+00 8.702653614601280063e-01 7.500000000000000000e-01
1.000000000000000000e+00 8.422209146650935230e-01 6.913417161825449186e-01
1.000000000000000000e+00 8.127548779855480188e-01 6.294095225512603697e-01
1.000000000000000000e+00 7.822355926881769950e-01 5.652630961100258977e-01
1.000000000000000000e+00 7.510088194153482499e-01 5.000000000000000000e-01
1.000000000000000000e+00 7.193920705047494035e-01 4.347369038899742133e-01
1.000000000000000000e+00 6.876709186605859392e-01 3.705904774487395748e-01
1.000000000000000000e+00 6.560970752584565080e-01 3.086582838174551369e-01
1.000000000000000000e+00 6.248879662960872272e-01 2.500000000000001110e-01
1.000000000000000000e+00 5.942275066584551402e-01 1.956192854956396721e-01
1.000000000000000000e+00 5.642677758016964029e-01 1.464466094067262691e-01
1.000000000000000000e+00 5.351313212567725408e-01 1.033233298543824730e-01
1.000000000000000000e+00 5.069138522204503783e-01 6.698729810778064619e-02
1.000000000000000000e+00 4.796871270758150674e-01 3.806023374435663076e-02
1.000000000000000000e+00 4.535018808380736344e-01 1.703708685546589940e-02
1.000000000000000000e+00 4.283906778137031579e-01 4.277569313094808923e-03
1.000000000000000000e+00 4.043706091971663863e-01 0.000000000000000000e+00
1.000000000000000000e+00 3.814457840325922167e-01 0.000000000000000000e+00
1.000000000000000000e+00 3.596095848489197500e-01 0.000000000000000000e+00
1.000000000000000000e+00 3.388466767462432472e-01 0.000000000000000000e+00
1.000000000000000000e+00 3.191347714508046551e-01 0.000000000000000000e+00
1.000000000000000000e+00 3.004461566564409769e-01 0.000000000000000000e+00
1.000000000000000000e+00 2.827490066205648467e-01 0.000000000000000000e+00
1.000000000000000000e+00 2.660084932068160768e-01 0.000000000000000000e+00
1.000000000000000000e+00 2.501877179904092863e-01 0.000000000000000000e+00
1.000000000000000000e+00 2.352484861837622621e-01 0.000000000000000000e+00
1.000000000000000000e+00 2.211519424120333144e-01 0.000000000000000000e+00
1.000000000000000000e+00 2.078590870890174302e-01 0.000000000000000000e+00
1.000000000000000000e+00 1.953311905513245017e-01 0.000000000000000000e+00
1.000000000000000000e+00 1.835301203748051502e-01 0.000000000000000000e+00
1.000000000000000000e+00 1.724185955415414584e-01 0.000000000000000000e+00
1.000000000000000000e+00 1.619603794279700359e-01 0.000000000000000000e+00
1.000000000000000000e+00 1.521204219943986247e-01 0.000000000000000000e+00
1.000000000000000000e+00 1.428649601009398251e-01 0.000000000000000000e+00
1.000000000000000000e+00 1.341615835669265622e-01 0.000000000000000000e+00
1.000000000000000000e+00 1.259792734318209706e-01 0.000000000000000000e+00
1.000000000000000000e+00 1.182884178602467834e-01 0.000000000000000000e+00
1.000000000000000000e+00 1.110608102526692564e-01 0.000000000000000000e+00
1.000000000000000000e+00 1.042696333647191720e-01 0.000000000000000000e+00
1.000000000000000000e+00 9.788943258960493277e-02 0.000000000000000000e+00
1.000000000000000000e+00 9.189608100679753921e-02 0.000000000000000000e+00
1.000000000000000000e+00 8.626673833405443248e-02 0.000000000000000000e+00
